ndof,3
coor,61
 1,95.37170,30.07058
 2,97.06466,24.05104
 3,98.37808,17.93746
 4,99.30685,11.75374
 5,99.84731,-5.52406
 6,99.99736, 0.72721
 7,99.75641, 6.97565
 8,99.12540,13.19681
 9,98.10680,19.36636
10,96.70459,25.46019
11,94.92426,31.45448
12,92.77277,37.32577
13,90.25853,43.05111
14,87.39137,48.60812
15,84.18249,53.97507
16,80.64446,59.13096
17,76.79110,64.05566
18,72.63748,68.72988
19,68.19984,73.13537
20,63.49553,77.25489
21,58.54294,81.07234
22,53.36145,84.57278
23,47.97131,87.74254
24,42.39360,90.56922
25,36.65012,93.04176
26,30.76334,95.15050
27,24.75627,96.88719
28,18.65240,98.24504
29,12.47560,99.21874
30,-6.25002,99.80450
31, 0.00000,00.00000
32, 6.25002,99.80450
33,12.47560,99.21874
34,18.65240,98.24504
35,24.75627,96.88719
36,30.76334,95.15050
37,36.65012,93.04176
38,42.39360,90.56922
39,47.97131,87.74254
40,53.36145,84.57278
41,58.54294,81.07234
42,63.49553,77.25489
43,68.19984,73.13537
44,72.63748,68.72988
45,76.79110,64.05566
46,80.64446,59.13096
47,84.18249,53.97507
48,87.39137,48.60812
49,90.25853,43.05111
50,92.77277,37.32577
51,94.92426,31.45448
52,96.70459,25.46019
53,98.10680,19.36636
54,99.12540,13.19681
55,99.75641, 6.97565
56,99.99736, 0.72721
57,99.84731,-5.52406
58,99.30685,11.75374
59,98.37808,17.93746
60,97.06466,24.05104
61,95.37170,30.07058
elemdata,1
1,1,0.0,2.29,1.00074908333333,1.0e6,0.0,1.0,0.0,0.0,0.0
elems,60
 1,1,1, 1, 2
 2,1,1, 2, 3
 3,1,1, 3, 4
 4,1,1, 4, 5
 5,1,1, 5, 6
 6,1,1, 6, 7
 7,1,1, 7, 8
 8,1,1, 8, 9
 9,1,1, 9,10
10,1,1,10,11
11,1,1,11,12
12,1,1,12,13
13,1,1,13,14
14,1,1,14,15
15,1,1,15,16
16,1,1,16,17
17,1,1,17,18
18,1,1,18,19
19,1,1,19,20
20,1,1,20,21
21,1,1,21,22
22,1,1,22,23
23,1,1,23,24
24,1,1,24,25
25,1,1,25,26
26,1,1,26,27
27,1,1,27,28
28,1,1,28,29
29,1,1,29,30
30,1,1,30,31
31,1,1,31,32
32,1,1,32,33
33,1,1,33,34
34,1,1,34,35
35,1,1,35,36
36,1,1,36,37
37,1,1,37,38
38,1,1,38,39
39,1,1,39,40
40,1,1,40,41
41,1,1,41,42
42,1,1,42,43
43,1,1,43,44
44,1,1,44,45
45,1,1,45,46
46,1,1,46,47
47,1,1,47,48
48,1,1,48,49
49,1,1,49,50
50,1,1,50,51
51,1,1,51,52
52,1,1,52,53
53,1,1,53,54
54,1,1,54,55
55,1,1,55,56
56,1,1,56,57
57,1,1,57,58
58,1,1,58,59
59,1,1,59,60
60,1,1,60,61
bound,6
1,1,0.0
1,2,0.0
1,3,0.0
61,1,0.0
61,2,0.0
61,3,0.0
force,1
33,2,-1.0
arclength,ON