ndim,2
ndof,3
coor, 61
 1,-127.000000000000000,  0.000000000000000
 2,-126.825950913830880,  6.646666442853884
 3,-126.304280711770701, 13.275114834991989
 4,-125.436419255582493, 19.867177060109327
 5,-124.224745293193308, 26.404784733855450
 6,-122.672579938711678, 32.870018728020135
 7,-120.784177569484498, 39.245158285618324
 8,-118.564714165144622, 45.512729592253123
 9,-116.020273120610312, 51.655553670626624
10,-113.157828571922707, 57.656793466922444
11,-109.985226280623721, 63.499999999999986
12,-106.511162129068850, 69.169157446908443
13,-102.745158285618331, 74.648727041144085
14, -98.697537105035309, 79.923689663329370
15, -94.379392835629062, 84.979587007574992
16, -89.802561210691522, 89.802561210691536
17, -84.979587007574992, 94.379392835629062
18, -79.923689663329370, 98.697537105035309
19, -74.648727041144085,102.745158285618331
20, -69.169157446908443,106.511162129068850
21, -63.500000000000000,109.985226280623706
22, -57.656793466922437,113.157828571922721
23, -51.655553670626638,116.020273120610312
24, -45.512729592253145,118.564714165144622
25, -39.245158285618317,120.784177569484498
26, -32.870018728020156,122.672579938711664
27, -26.404784733855443,124.224745293193308
28, -19.867177060109320,125.436419255582493
29, -13.275114834992008,126.304280711770701
30,  -6.646666442853876,126.825950913830880
31,   0.000000000000000,127.000000000000000
32,   6.646666442853848,126.825950913830880
33,  13.275114834991980,126.304280711770701
34,  19.867177060109320,125.436419255582493
35,  26.404784733855415,124.224745293193322
36,  32.870018728020128,122.672579938711678
37,  39.245158285618317,120.784177569484498
38,  45.512729592253116,118.564714165144636
39,  51.655553670626617,116.020273120610327
40,  57.656793466922437,113.157828571922721
41,  63.499999999999979,109.985226280623721
42,  69.169157446908414,106.511162129068865
43,  74.648727041144085,102.745158285618331
44,  79.923689663329341, 98.697537105035323
45,  84.979587007574963, 94.379392835629091
46,  89.802561210691522, 89.802561210691536
47,  94.379392835629048, 84.979587007575006
48,  98.697537105035281, 79.923689663329384
49, 102.745158285618331, 74.648727041144085
50, 106.511162129068836, 69.169157446908457
51, 109.985226280623692, 63.500000000000043
52, 113.157828571922707, 57.656793466922444
53, 116.020273120610312, 51.655553670626645
54, 118.564714165144608, 45.512729592253173
55, 120.784177569484498, 39.245158285618324
56, 122.672579938711664, 32.870018728020163
57, 124.224745293193308, 26.404784733855479
58, 125.436419255582493, 19.867177060109327
59, 126.304280711770701, 13.275114834992017
60, 126.825950913830880,  6.646666442853912
61, 127.000000000000000,  0.000000000000000
elemdata,1
1,1,0.0,64.52,41.62,0.1378,0.0,1.0,0.0,0.0,0.0
elems,60
 1,1,1, 1, 2
 2,1,1, 2, 3
 3,1,1, 3, 4
 4,1,1, 4, 5
 5,1,1, 5, 6
 6,1,1, 6, 7
 7,1,1, 7, 8
 8,1,1, 8, 9
 9,1,1, 9,10
10,1,1,10,11
11,1,1,11,12
12,1,1,12,13
13,1,1,13,14
14,1,1,14,15
15,1,1,15,16
16,1,1,16,17
17,1,1,17,18
18,1,1,18,19
19,1,1,19,20
20,1,1,20,21
21,1,1,21,22
22,1,1,22,23
23,1,1,23,24
24,1,1,24,25
25,1,1,25,26
26,1,1,26,27
27,1,1,27,28
28,1,1,28,29
29,1,1,29,30
30,1,1,30,31
31,1,1,31,32
32,1,1,32,33
33,1,1,33,34
34,1,1,34,35
35,1,1,35,36
36,1,1,36,37
37,1,1,37,38
38,1,1,38,39
39,1,1,39,40
40,1,1,40,41
41,1,1,41,42
42,1,1,42,43
43,1,1,43,44
44,1,1,44,45
45,1,1,45,46
46,1,1,46,47
47,1,1,47,48
48,1,1,48,49
49,1,1,49,50
50,1,1,50,51
51,1,1,51,52
52,1,1,52,53
53,1,1,53,54
54,1,1,54,55
55,1,1,55,56
56,1,1,56,57
57,1,1,57,58
58,1,1,58,59
59,1,1,59,60
60,1,1,60,61
bound,4
1,1,0.0
1,2,0.0
61,1,0.0
61,2,0.0
force,1
31,2,-0.4
output,2
31,1
31,2
arclength,ON
200
0.0025