ndim,2
ndof,3
coor,21
 1,  0,  0
 2,  0, 12
 3,  0, 24
 4,  0, 36
 5,  0, 48
 6,  0, 60
 7,  0, 72
 8,  0, 84
 9,  0, 96
10,  0,108
11,  0,120
12, 12,120
13, 24,120
14, 36,120
15, 48,120
16, 60,120
17, 72,120
18, 84,120
19, 96,120
20,108,120
21,120,120
elemdata,1
1,1,0.0,6.0,2.0,720.0,0.3,1.0,0.0,0.0,0.0
elems,20
 1,1,1, 1, 2
 2,1,1, 2, 3
 3,1,1, 3, 4
 4,1,1, 4, 5
 5,1,1, 5, 6
 6,1,1, 6, 7
 7,1,1, 7, 8
 8,1,1, 8, 9
 9,1,1, 9,10
10,1,1,10,11
11,1,1,11,12
12,1,1,12,13
13,1,1,13,14
14,1,1,14,15
15,1,1,15,16
16,1,1,16,17
17,1,1,17,18
18,1,1,18,19
19,1,1,19,20
20,1,1,20,21
bound,4
1,1,0.0
1,2,0.0
21,1,0.0
21,2,0.0
force,1
13,2,-1.0
output,2
13,1
13,2
arclength,ON
50
0.5