ndim,2
ndof,3
coor, 51
1,-5000.000000,0.000000
2,-4802.499219,39.080283
3,-4604.693112,76.584569
4,-4406.594257,112.510474
5,-4208.215247,146.855714
6,-4009.568694,179.618106
7,-3810.667228,210.795566
8,-3611.523494,240.386112
9,-3412.150154,268.387864
10,-3212.559881,294.799041
11,-3012.765366,319.617964
12,-2812.779311,342.843054
13,-2612.614429,364.472836
14,-2412.283448,384.505934
15,-2211.799102,402.941075
16,-2011.174139,419.777086
17,-1810.421313,435.012898
18,-1609.553387,448.647541
19,-1408.583132,460.680149
20,-1207.523324,471.109956
21,-1006.386746,479.936300
22,-805.186187,487.158620
23,-603.934436,492.776456
24,-402.644290,496.789451
25,-201.328545,499.197350
26,0.000000	   ,500.000000
27,201.328545,499.197350
28,402.644290,496.789451
29,603.934436,492.776456
30,805.186187,487.158620
31,1006.386746,479.936300
32,1207.523324,471.109956
33,1408.583132,460.680149
34,1609.553387,448.647541
35,1810.421313,435.012898
36,2011.174139,419.777086
37,2211.799102,402.941075
38,2412.283448,384.505934
39,2612.614429,364.472836
40,2812.779311,342.843054
41,3012.765366,319.617964
42,3212.559881,294.799041
43,3412.150154,268.387864
44,3611.523494,240.386112
45,3810.667228,210.795566
46,4009.568694,179.618106
47,4208.215247,146.855714
48,4406.594257,112.510474
49,4604.693112,76.584569
50,4802.499219,39.080283
51,5000.000000,0.000000
elemdata,1
1,1,0.0,1.0e4,1.0e8,200.0,0.0,1.0,0.0,0.0,0.0
elems,50
 1,1,1, 1, 2
 2,1,1, 2, 3
 3,1,1, 3, 4
 4,1,1, 4, 5
 5,1,1, 5, 6
 6,1,1, 6, 7
 7,1,1, 7, 8
 8,1,1, 8, 9
 9,1,1, 9,10
10,1,1,10,11
11,1,1,11,12
12,1,1,12,13
13,1,1,13,14
14,1,1,14,15
15,1,1,15,16
16,1,1,16,17
17,1,1,17,18
18,1,1,18,19
19,1,1,19,20
20,1,1,20,21
21,1,1,21,22
22,1,1,22,23
23,1,1,23,24
24,1,1,24,25
25,1,1,25,26
26,1,1,26,27
27,1,1,27,28
28,1,1,28,29
29,1,1,29,30
30,1,1,30,31
31,1,1,31,32
32,1,1,32,33
33,1,1,33,34
34,1,1,34,35
35,1,1,35,36
36,1,1,36,37
37,1,1,37,38
38,1,1,38,39
39,1,1,39,40
40,1,1,40,41
41,1,1,41,42
42,1,1,42,43
43,1,1,43,44
44,1,1,44,45
45,1,1,45,46
46,1,1,46,47
47,1,1,47,48
48,1,1,48,49
49,1,1,49,50
50,1,1,50,51
bound,4
1,1,0.0
1,2,0.0
51,1,0.0
51,2,0.0
force,2
25,2,-1.0
25,3,-500.0
output,2
25,1
25,2
arclength,ON
100
100.0