ndim,2
ndof,3
coor, 51
 1, -127.000,0.0000
 2, -126.750,7.9744
 3, -126.000,15.917
 4, -124.750,23.797
 5, -123.010,31.584
 6, -120.780,39.245
 7, -118.080,46.752
 8, -114.910,54.074
 9, -111.290,61.183
10, -107.230,68.050
11, -102.750,74.649
12, -97.855, 80.953
13, -92.579, 86.937
14, -86.937, 92.579
15, -80.953, 97.855
16, -74.649, 102.75
17,  -68.05, 107.23
18, -61.183, 111.29
19, -54.074, 114.91
20, -46.752, 118.08
21, -39.245, 120.78
22, -31.584, 123.01
23, -23.797, 124.75
24, -15.917, 126.00
25, -7.9744, 126.75
26,  0.0000, 127.00
27,  7.9744, 126.75
28,  15.917, 126.00
29,  23.797, 124.75
30,  31.584, 123.01
31,  39.245, 120.78
32,  46.752, 118.08
33,  54.074, 114.91
34,  61.183, 111.29
35,  68.050, 107.23
36,  74.649, 102.75
37,  80.953, 97.855
38,  86.937, 92.579
39,  92.579, 86.937
40,  97.855, 80.953
41,  102.75, 74.649
42,  107.23,  68.05
43,  111.29, 61.183
44,  114.91, 54.074
45,  118.08, 46.752
46,  120.78, 39.245
47,  123.01, 31.584
48,  124.75, 23.797
49,  126.00, 15.917
50,  126.75, 7.9744
51,  127.00, 0.0000
elemdata,1
1,1,0.0,64.52,41.62,1378.0,0.5,1.0,0.0,0.0,0.0
elems,50
 1,1,1, 1, 2
 2,1,1, 2, 3
 3,1,1, 3, 4
 4,1,1, 4, 5
 5,1,1, 5, 6
 6,1,1, 6, 7
 7,1,1, 7, 8
 8,1,1, 8, 9
 9,1,1, 9,10
10,1,1,10,11
11,1,1,11,12
12,1,1,12,13
13,1,1,13,14
14,1,1,14,15
15,1,1,15,16
16,1,1,16,17
17,1,1,17,18
18,1,1,18,19
19,1,1,19,20
20,1,1,20,21
21,1,1,21,22
22,1,1,22,23
23,1,1,23,24
24,1,1,24,25
25,1,1,25,26
26,1,1,26,27
27,1,1,27,28
28,1,1,28,29
29,1,1,29,30
30,1,1,30,31
31,1,1,31,32
32,1,1,32,33
33,1,1,33,34
34,1,1,34,35
35,1,1,35,36
36,1,1,36,37
37,1,1,37,38
38,1,1,38,39
39,1,1,39,40
40,1,1,40,41
41,1,1,41,42
42,1,1,42,43
43,1,1,43,44
44,1,1,44,45
45,1,1,45,46
46,1,1,46,47
47,1,1,47,48
48,1,1,48,49
49,1,1,49,50
50,1,1,50,51
bound,4
1,1,0.0
1,2,0.0
51,1,0.0
51,2,0.0
force,1
26,2,-1.0
output,2
26,1
26,2
arclength,ON
1000
10.0