ndim,3
ndof,3
coor,9
1,-1.697,-1.000, 0.000
2, 0.000,-1.000, 0.000
3, 1.697,-1.000, 0.000
4,-1.414, 0.000, 1.000
5, 0.000, 0.000, 1.000
6, 1.414, 0.000, 1.000
7,-1.697, 1.000, 0.000
8, 0.000, 1.000, 0.000
9, 1.697, 1.000, 0.000
elemdata,1
1,1,0.0,1.0,1.0,0.0,0.0,0.0,0.0,0.0,0.0
elems,12
 1,1,1,4,1
 2,1,1,4,7
 3,1,1,6,3
 4,1,1,6,9
 5,1,1,5,1
 6,1,1,5,2
 7,1,1,5,3
 8,1,1,5,4
 9,1,1,5,6
10,1,1,5,7
11,1,1,5,8
12,1,1,5,9
bound,18
1,1,0.0
1,2,0.0
1,3,0.0
2,1,0.0
2,2,0.0
2,3,0.0
3,1,0.0
3,2,0.0
3,3,0.0
7,1,0.0
7,2,0.0
7,3,0.0
8,1,0.0
8,2,0.0
8,3,0.0
9,1,0.0
9,2,0.0
9,3,0.0
force,3
4,3,-1.5
5,3,-1.0
6,3,-1.5
output,3
4,1
4,3
5,3
arclength,ON
100
0.025